50
4	1
26487
0
24177	23578	22486	22113	
1
23614	23075	23272	22783	
2
23955	22417	23757	22291	
3
24851	22625	22979	21533	
4
24112	22784	23355	22259	
5
24424	23089	22867	21971	
6
23415	23331	23054	22979	
7
23845	23701	22541	22443	
8
23823	22626	23634	22493	
9
24087	22631	23506	22245	
10
24859	22697	22909	21535	
11
23933	22805	23423	22435	
12
24308	23055	22980	22091	
13
23713	22684	23621	22616	
14
23528	23399	22966	22857	
15
23733	23059	23254	22664	
16
23596	23507	22840	22769	
17
24212	22777	23306	22161	
18
24455	22442	23431	21842	
19
24241	22690	23367	22116	
20
24072	22794	23367	22298	
21
24652	23263	22472	21675	
22
23889	23263	22992	22504	
23
24133	22659	23456	22209	
24
23691	23026	23300	22702	
25
23791	23263	23030	22604	
26
23981	22245	23879	22184	
27
24403	22680	23273	21961	
28
24568	23254	22563	21779	
29
24093	22218	23835	22068	
30
23635	23210	23132	22764	
31
23907	22549	23666	22387	
32
23994	22346	23794	22222	
33
24387	23029	22955	22012	
34
24114	22482	23618	22169	
35
24157	23699	22347	22073	
36
23887	23302	22953	22503	
37
23473	23346	23030	22919	
38
24358	22554	23408	21969	
39
24224	23193	22891	22167	
40
24679	22753	23006	21713	
41
24685	22519	23201	21661	
42
24067	22755	23405	22295	
43
24148	23555	22534	22157	
44
23989	22990	23221	22406	
45
24489	23369	22491	21829	
46
24303	23168	22867	22088	
47
24201	22499	23553	22096	
48
23715	23160	23160	22685	
49
24038	23644	22500	22247	
