50
4	1
26487
0
23965	22456	23719	22297	
1
24513	23343	22503	21812	
2
24076	23631	22491	22208	
3
24672	22680	23077	21710	
4
24268	22955	23106	22130	
5
23853	23194	23077	22546	
6
24257	22276	23688	21949	
7
23898	22510	23704	22382	
8
24426	23412	22492	21886	
9
23989	23694	22471	22281	
10
24597	22747	23075	21791	
11
24189	23016	23092	22210	
12
23772	23248	23053	22624	
13
24195	22336	23684	22034	
14
23830	22564	23687	22466	
15
24340	23481	22479	21960	
16
23903	23756	22448	22353	
17
24522	22813	23070	21871	
18
24111	23076	23076	22289	
19
23691	23300	23026	22702	
20
24131	22395	23678	22118	
21
23761	22616	23667	22550	
22
24253	23549	22464	22034	
23
24846	22590	23013	21531	
24
24445	22878	23064	21951	
25
24031	23135	23058	22368	
26
23610	23350	22997	22780	
27
24066	22453	23668	22202	
28
24604	23316	22449	21711	
29
24167	23615	22447	22107	
30
24772	22659	23015	21612	
31
24367	22942	23054	22031	
32
23951	23192	23038	22447	
33
23528	23399	22966	22857	
34
23999	22509	23656	22287	
35
24517	23387	22440	21786	
36
24080	23680	22429	22180	
37
24698	22727	23015	21693	
38
24289	23005	23043	22111	
39
23870	23248	23015	22525	
40
24295	22328	23625	21939	
41
23931	22565	23642	22370	
42
24430	23458	22429	21860	
43
23993	23744	22408	22252	
44
24622	22795	23013	21773	
45
24210	23067	23029	22190	
46
23789	23302	22991	22603	
47
24232	22388	23622	22023	
48
23862	22619	23624	22454	
49
24343	23527	22416	21933	
