50
0
1
50	50
208	237
1
1
50	50
241	236
2
1
50	50
245	210
3
1
50	50
212	202
4
1
50	50
233	218
5
1
50	50
215	221
6
1
50	50
240	247
7
1
50	50
216	246
8
1
50	50
245	219
9
1
50	50
237	214
10
1
50	50
210	204
11
1
50	50
238	222
12
1
50	50
220	222
13
1
50	50
247	223
14
1
50	50
235	246
15
1
50	50
238	233
16
1
50	50
230	247
17
1
50	50
230	216
18
1
50	50
229	202
19
1
50	50
231	213
20
1
50	50
234	219
21
1
50	50
200	222
22
1
50	50
228	235
23
1
50	50
235	214
24
1
50	50
240	233
25
1
50	50
231	237
26
1
50	50
247	204
27
1
50	50
226	210
28
1
50	50
204	223
29
1
50	50
244	201
30
1
50	50
237	239
31
1
50	50
244	215
32
1
50	50
245	207
33
1
50	50
218	220
34
1
50	50
239	209
35
1
50	50
204	240
36
1
50	50
227	236
37
1
50	50
238	246
38
1
50	50
230	207
39
1
50	50
219	227
40
1
50	50
215	208
41
1
50	50
220	201
42
1
50	50
235	218
43
1
50	50
210	237
44
1
50	50
232	226
45
1
50	50
203	227
46
1
50	50
217	225
47
1
50	50
236	208
48
1
50	50
236	236
49
1
50	50
211	241
